Raw Moments
M00 = 132924.00
M10 = 242.29,  M01 = 289.01
Centroid (x̄, ȳ) = (242.29, 289.01)

Central Moments
mu00 = 132924.00
mu11 = 190485535.94
mu20 = 2845978340.61
mu02 = 2638820257.78

Hu Moments
phi1 = 3.104230e-01
phi2 = 6.023760e-04
phi3 = 1.115190e-04
phi4 = 1.158179e-03
phi5 = -2.764451e-07
phi6 = -2.081747e-05
phi7 = -3.111742e-07
